862.9846
1126.3853
1019.74304
888.65076
806.6736
940.4078
876.8595
977.99805
1092.9374
1026.5262
962.996
801.47736
847.4332
812.50964
903.88696
822.5211
1042.4706
918.169
829.76587
1067.6952
1037.0798
774.8297
795.58295
960.2343
1006.6502
801.9971
1128.3097
883.8828
1033.5878
833.38495
1053.0972
897.8362
806.84375
828.07605
1108.457
790.99915
1065.6792
1073.6416
1131.1589
981.64026
924.36334
1109.1929
865.1554
1112.2681
921.5465
950.55865
1012.0313
816.4082
902.17554
1106.529
1019.6301
929.433
1099.9302
1116.552
934.63666
893.7345
789.53156
1034.4491
880.9042
1046.7661
1093.2998
954.43713
1143.2097
1041.2773
1123.6991
843.9291
797.3651
996.0552
1022.13434
866.65845
1087.0759
891.167
1094.5786
1109.75
1027.2618
869.20874
1037.3401
943.5729
776.345
1150.5074
836.04456
911.67676
955.91223
828.7502
802.3413
903.97107
960.7781
827.2246
914.56335
965.65857
925.45337
885.8944
1017.2059
819.43506
981.97266
947.01184
890.2624
957.2119
884.591
897.79614
848.25464
1020.63513
1064.254
1090.2522
889.2699
1099.4314
802.4866
1077.5559
794.74963
1144.3352
880.9328
930.62634
864.90875
1124.1011
1000.84296
1038.174
1015.9723
1056.7627
1078.6423
884.19104
833.4866
975.48804
1081.9856
795.8851
1053.129
1087.9697
907.59937
1100.8545
