918.6481
1025.7329
988.41614
1094.6609
790.4073
1050.733
911.51953
1143.3958
997.4008
909.6128
870.12115
1132.5741
932.688
910.9684
920.20276
963.9054
834.07745
1078.8019
897.6025
1016.8727
826.94385
1132.9602
1128.0734
800.3136
1134.6102
1069.7181
1050.6422
813.4215
800.95636
1065.7556
1006.05457
1042.8063
932.5477
1105.8578
948.8915
957.57056
1039.4458
1018.8462
873.54456
977.2821
860.266
1146.9707
1135.1705
813.7052
1036.9685
819.2689
785.298
855.0354
1128.6965
1047.8611
855.17053
1061.5132
925.98413
1031.4954
1087.507
1043.4933
844.2268
808.8447
1093.3813
838.8263
1005.4824
1017.593
1088.2798
1032.1111
978.4737
795.8644
907.17786
788.6082
1062.2266
943.6626
949.855
1045.0117
999.22546
855.33264
863.70996
844.4602
925.4183
1009.24805
917.2329
1018.7774
1052.9935
921.59863
1004.104
1071.5715
1005.69196
1098.9265
1026.7905
1104.1329
1127.6464
842.55536
902.6018
949.475
808.9082
983.57117
868.8833
837.723
808.53564
1055.3928
1025.1058
1059.8729
1055.1063
797.06555
1018.094
1133.1494
985.2628
1049.0171
1040.0012
987.3659
782.7561
1110.4259
986.1278
782.204
859.25256
1089.3438
1146.6713
1009.72546
999.2919
1019.17883
817.77563
865.70764
795.68616
1119.2544
1022.58624
1144.6875
865.8135
920.62897
1046.3452
1021.5323
784.39667
844.28345
1105.4211
771.04126
972.0995
932.26935
867.19495
852.6539
805.2416
1112.5962
1068.5349
1029.9199
833.7484
802.6405
907.82855
854.09546
1039.7527
1090.8082
1045.8007
966.20215
911.6558
867.2039
806.28546
848.234
947.5856
1116.2733
776.33594
1078.061
1135.659
818.92206
844.19305
1044.0681
941.9115
773.5967
1028.3105
958.8187
975.8067
780.3606
1151.4677
1102.1691
989.522
902.2499
869.63226
879.3938
1010.33417
885.25507
1026.2776
937.1645
1105.0402
861.29254
813.93445
999.7503
1121.0538
870.60736
904.50757
783.72437
1004.25977
1032.3297
1070.9192
925.8845
880.48987
845.50464
851.58606
1098.1499
849.2535
1120.9581
950.72986
833.00854
1124.717
1127.976
936.1653
957.7868
937.52374
1048.0815
776.6543
1035.7166
947.4833
890.3287
927.7671
962.60925
1103.0874
897.59753
1033.0845
838.04395
988.82434
790.5312
927.13165
981.45026
909.0159
978.0858
1044.2832
908.45447
869.00256
1136.3324
820.63385
867.4731
954.5741
1059.251
892.13477
936.9147
800.2266
893.9357
976.75476
901.60815
1107.7283
779.0005
929.6782
871.3425
1082.2334
1006.1679
941.22156
832.80237
869.41766
1100.1587
779.8507
846.8385
945.44104
1098.2097
846.05493
834.0542
811.6079
1062.9487
1085.4916
781.2354
863.00256
874.0793
1106.3855
1043.3306
