866.5661
963.17365
956.546
1084.3943
783.92773
1026.1619
961.7773
781.832
1104.2168
987.295
982.4466
1020.9721
1132.9211
818.31384
1124.3516
1010.97485
860.4193
977.23315
768.4646
1121.8125
994.3523
936.6458
941.63336
957.1926
839.62585
1060.0739
1002.5897
777.9361
1107.6193
1075.0204
1023.3522
1130.9917
992.79425
1099.0765
980.75543
1086.8031
906.89954
1124.1738
844.6977
995.91876
830.83435
1140.3955
907.04834
838.28046
969.8594
834.6941
1151.0895
953.343
1057.3512
775.01135
1114.9829
1142.6777
953.81464
916.30786
1003.19885
991.62964
961.5133
1033.489
838.22614
871.5549
1040.9878
942.80096
770.3461
777.7821
932.0196
861.58014
802.901
1123.3529
1140.3958
793.90216
817.46234
863.4175
1091.2607
1116.3162
850.52344
1062.0284
899.0897
883.9335
899.563
978.89905
845.86
1105.3545
1121.4573
1019.1043
1101.9004
953.76807
981.38605
1132.2144
892.01294
973.4581
927.13885
870.312
1117.6543
1146.5972
1060.6879
1077.8931
1023.1188
835.0757
790.0737
1025.4949
904.5985
797.8888
998.42206
774.93384
1093.3457
813.6808
958.98987
948.99615
901.96124
986.3978
860.1199
930.96826
923.56067
782.9066
1062.7515
1017.7618
819.8322
783.8058
864.4695
924.7966
891.065
875.55804
1123.9288
805.38007
1128.8107
849.3142
930.9089
868.2545
